11 0.16845712589649162 0.578125 0.2065504458228339 0.2556818181818182
11 0.36442609396200815 0.8125 0.22940643777863928 0.16477272727272718
11 0.47997583107191316 0.6832386363636364 0.12528469664663688 0.2954545454545454
6 0.8024992731149447 0.8160511363636364 0.09988915002907546 0.19744318181818188
6 0.6657865804904052 0.5198863636363636 0.06518190298507463 0.15909090909090906
6 0.6776378355786005 0.21661931818181818 0.06687493942624542 0.1321022727272727
6 0.7487453661077729 0.359375 0.10412174113200237 0.12784090909090906
6 0.6111861552626479 0.11789772727272727 0.05925627544097708 0.14488636363636365
6 0.5121435234541578 0.21732954545454544 0.07110753052917239 0.13068181818181818
6 0.7508616616592363 0.48295454545454547 0.0744936034115139 0.09943181818181827
6 0.7504384025489437 0.5958806818181819 0.08888441316146527 0.10653409090909101
6 0.8325506699457259 0.15980113636363635 0.0804192309556116 0.1946022727272727
6 0.641237552093429 0.7940340909090909 0.09734959536731921 0.18465909090909094
