6 0.41784032452772735 0.7317262830482114 0.11214096945045618 0.23483670295489895
6 0.6102465769067635 0.23483670295489895 0.10061963697266968 0.20839813374805602
6 0.268831091148354 0.08398133748055986 0.1351836344060294 0.15552099533437014
6 0.36829859487324496 0.061689990860863374 0.05914284005263788 0.12234319090657804
6 0.4835119196511109 0.04354587869362364 0.1267346572556525 0.05598755832037325
11 0.1290389237512099 0.3965785381026439 0.05376621822967078 0.2488335925349923
11 0.3099238436524595 0.8227060653188181 0.09908345930896481 0.23328149300155515
20 0.15208158870678312 0.2558320373250389 0.06298328421190007 0.06065318818040435
6 0.2576938030864936 0.5528771384136859 0.06221519538004767 0.13219284603421472
6 0.37559543877584317 0.4984447900466563 0.06451946187560488 0.16018662519440136
