6 0.21647487962827658 0.7349768875192604 0.10593451556277365 0.2187981510015409
11 0.32816670581946183 0.768875192604006 0.056037823449873014 0.21263482280431434
11 0.5496312546590283 0.6972265023112482 0.04452320219304973 0.1001540832049308
20 0.6640098258101392 0.14098613251155623 0.03684678802183427 0.10631741140215714
15 0.7753178312927637 0.11171032357473035 0.05066433353002211 0.12788906009244994
15 0.1124594676083068 0.25269645608628655 0.062178954786845375 0.147919876733436
15 0.3914971227319895 0.3559322033898305 0.05834074770123763 0.13559322033898302
9 0.7684090585386696 0.42295839753466874 0.1136109297339891 0.23574730354391366
9 0.46787744373558354 0.30431432973805855 0.07139065179230407 0.11556240369799685
9 0.127428475242177 0.4167950693374422 0.12128734390520457 0.14021571648690298
9 0.8325071168683189 0.6055469953775038 0.09749045997443659 0.11710323574730352
