20 0.6599378881987578 0.5944602272727273 0.27497412008281574 0.33948863636363624
20 0.8233048654244306 0.7549715909090909 0.04852484472049681 0.3224431818181817
20 0.4059912008281573 0.8316761363636362 0.02426242236024848 0.15482954545454547
15 0.2086568322981366 0.9296875 0.07602225672877846 0.10369318181818186
15 0.29276656314699795 0.9140625 0.043672360248447145 0.08380681818181814
6 0.19490812629399584 0.19815340909090906 0.09057971014492751 0.1661931818181818
6 0.17711568322981364 0.4367897727272727 0.05175983436853 0.12642045454545453
6 0.2672910196687371 0.4772727272727273 0.06874353002070394 0.14772727272727282
6 0.9235895445134575 0.8380681818181818 0.09219720496894411 0.28125
6 0.6591291407867496 0.9247159090909091 0.06793478260869577 0.12784090909090906
6 0.8750646997929608 0.3785511363636364 0.1342520703933748 0.1974431818181818
6 0.8981140010351968 0.10085227272727272 0.10271092132505161 0.1846590909090909
6 0.39345561594202905 0.9417613636363636 0.07844849896480334 0.10511363636363626
6 0.3570619824016563 0.6740056818181819 0.11565087991718428 0.14346590909090914
6 0.686626552795031 0.7144886363636362 0.07763975155279511 0.17329545454545453
6 0.7683100414078674 0.8671875 0.11160714285714278 0.12357954545454533
6 0.2321105072463768 0.6150568181818181 0.0808747412008282 0.17045454545454553
6 0.783676242236025 0.10582386363636363 0.038819875776397623 0.10085227272727272
6 0.4723084886128365 0.5674715909090909 0.053377329192546556 0.06107954545454547
8 0.4973796583850932 0.22798295454545453 0.49171842650103526 0.3110795454545454
