11 0.7366016101139493 0.4366306027820711 0.06832469338211723 0.14992272024729522
11 0.21572178472331394 0.9080370942812983 0.07369854567059836 0.10046367851622875
11 0.562335257330347 0.3323029366306028 0.0683246933821173 0.20710973724884077
11 0.5830629733002028 0.10510046367851622 0.07293085248652964 0.09273570324574962
11 0.6782569281247257 0.2465224111282844 0.06371853427770474 0.1715610510046368
11 0.6625192178513166 0.44667697063369394 0.052203136516673895 0.1329211746522411
6 0.7838147409341764 0.258887171561051 0.10440627303334779 0.1499227202472952
6 0.8041586103119979 0.7418856259659969 0.09903242074486655 0.2905718701700154
11 0.8026232239438604 0.39258114374034003 0.04529389786005524 0.09891808346213296
14 0.5227990583508072 0.7349304482225656 0.05527390925294881 0.15610510046367865
14 0.5684768028028969 0.9613601236476044 0.04375851149191774 0.06800618238021627
